17.6
15.9
14.8
13.4
17.7
13.4
20.3
16.5
16.7
17.2
15.9
21.3
19.8
24.6
15.5
23.5
16.6
19.4
12.5
20.7
12.7
19.0
20.3
20.4
22.2
22.6
21.9
16.5
20.5
18.0
20.9
26.0
21.8
13.5
23.6
24.6
21.3
27.6
15.8
18.3
23.8
10.1
9.0
24.5
19.8
30.0
27.1
26.2
26.4
19.4
17.8
28.4
25.3
17.1
20.3
27.1
28.2
23.4
21.3
29.1
27.9
24.2
26.5
26.4
30.6
23.1
21.8
21.2
25.1
24.9
13.3
21.2
24.2
21.8
27.4
24.1
29.3
26.1
23.3
25.3
27.8
23.3
24.0
25.7
34.7
25.8
30.5
23.8
27.1
25.7
25.4
25.5
26.3
20.8
28.1
25.6
20.3
26.2
22.9
24.7
25.5
23.2
18.8
27.1
25.5
25.3
30.9
24.2
26.7
30.1
30.6
28.9
26.3
24.8
25.3
29.8
26.2
21.9
24.6
19.9
18.1
25.3
24.1
29.9
22.2
25.4
20.3
19.5
32.4
25.4
23.4
18.5
24.6
16.0
23.8
22.6
18.1
22.4
20.9
19.7
24.3
24.6
22.3
21.3
26.4
19.6
19.8
22.2
16.7
22.1
24.2
21.6
29.0
15.4
18.7
15.8
20.2
18.5
17.9
12.9
21.1
21.8
12.4
22.0
15.7
16.4
19.8
13.5
18.3
13.7
15.3
20.1
20.4
22.5
14.3
13.1
11.3
12.3
18.0
15.2
22.4
20.1
21.2
12.8
5.1
12.2
15.8
13.2
11.6
7.2
12.7
20.8
17.4
10.8
8.5
15.5
14.9
7.2
17.1
12.0
11.1
14.0
10.8
6.7
1.3
3.3
15.3
5.8
8.6
8.5
7.0
10.2
-1.5
11.7
3.3
6.9
6.3
6.9
13.4
5.1
6.5
12.3
4.9
1.4
10.1
9.1
6.2
5.7
12.9
14.8
5.9
6.3
11.4
5.6
8.4
7.4
11.4
14.0
3.3
1.2
3.3
1.2
4.7
10.1
0.3
8.5
1.9
11.2
6.8
10.4
4.3
5.5
10.6
8.9
7.9
9.5
10.2
2.4
2.4
0.9
5.2
7.8
5.2
7.8
6.9
9.7
-0.8
2.8
3.3
4.6
2.1
7.4
11.3
13.3
6.7
11.3
7.0
9.4
7.2
14.0
2.9
-1.9
8.7
5.2
0.8
7.3
3.5
-2.4
1.5
4.7
7.4
3.5
3.4
5.4
2.3
3.3
12.7
7.0
10.3
4.7
15.8
8.1
3.5
11.3
11.7
7.9
7.7
3.6
-0.4
13.9
11.2
9.4
11.1
7.8
8.0
5.9
3.1
4.8
11.3
1.7
7.1
2.4
13.8
4.9
8.6
9.8
6.9
4.8
11.3
8.5
7.5
15.3
6.9
12.6
6.5
11.4
17.2
2.6
10.0
14.0
15.2
12.6
15.4
11.4
12.5
14.0
7.5
18.5
10.0
5.4
14.8
10.4
10.2
4.0
16.5
7.3
14.6
17.1
11.6
14.0
12.0
7.5
13.7
15.0
6.8
14.6
20.3
19.0
14.2
17.1
19.7
13.8
17.4
15.3
18.0
20.3
16.8
16.3
17.0
15.8
19.2
18.3
10.4
16.3
20.5
18.6
14.8
22.4
16.8
15.3
19.9
21.4
23.4
28.4
22.4
12.8
23.9
22.2
17.0
13.9
15.8
23.1
16.1
17.6
27.4
21.2
24.9
18.6
17.9
16.8
23.9
23.8
20.5
19.2
25.9
24.7
19.7
25.0
22.0
27.3
21.3
25.4
19.8
25.9
25.3
19.3
20.3
26.7
23.7
28.4
23.6
29.3
17.0
27.3
32.9
30.3
29.9
20.8
30.9
26.0
23.0
31.7
24.1
30.0
26.0
21.2
24.9
26.4
22.7
23.2
23.6
30.8
27.0
22.3
20.7
25.3
25.7
25.0
21.3
27.7
26.7
31.8
25.9
20.4
22.4
28.1
28.4
31.3
24.5
34.9
28.6
29.9
25.5
29.5
22.9
12.2
27.5
26.4
27.4
27.1
18.4
21.1
29.8
19.1
16.8
26.4
34.4
21.7
21.9
24.3
22.9
21.1
25.4
25.5
15.8
23.8
27.0
25.6
22.8
16.1
19.8
25.4
23.9
23.9
18.2
22.6
27.7
18.2
18.3
23.4
16.7
26.7
19.8
18.6
18.7
23.5
13.7
21.9
16.5
20.1
18.3
23.0
15.2
16.1
17.9
16.9
19.3
10.8
17.5
19.2
23.0
14.7
17.2
24.1
16.6
18.5
15.7
12.1
17.6
17.0
14.2
18.7
6.8
18.6
18.7
16.7
16.8
16.1
8.6
10.1
9.4
14.0
13.2
13.1
12.3
17.6
13.0
12.2
11.6
20.3
13.8
9.5
9.2
17.4
13.1
6.9
13.0
18.5
11.2
7.7
12.0
4.9
18.1
16.2
8.1
11.3
9.0
9.6
7.6
10.6
10.5
9.4
14.2
1.3
2.8
7.5
5.1
4.2
10.1
13.8
3.0
7.3
6.3
11.2
12.7
6.2
12.4
-1.6
14.1
4.2
4.9
8.2
7.8
10.2
5.4
11.3
9.0
12.6
6.4
9.0
6.8
7.0
9.8
2.9
14.3
2.1
4.9
12.0
5.5
0.8
13.1
11.6
11.6
8.6
2.5
7.9
12.0
7.6
6.5
17.5
10.5
1.5
-1.6
7.8
2.5
-0.3
9.9
1.3
3.2
2.7
6.2
11.1
7.5
-0.5
10.1
1.7
5.6
4.5
7.2
7.9
6.0
7.0
6.4
8.2
8.7
7.1
1.6
0.6
9.1
9.9
2.4
10.1
8.3
14.3
3.1
7.7
2.9
6.0
9.3
3.6
8.4
11.2
13.9
16.8
13.7
9.2
7.3
11.6
6.8
5.4
4.1
5.3
12.4
4.6
11.9
9.7
13.3
12.4
2.5
3.8
6.3
7.0
11.6
11.9
7.4
13.2
9.5
13.1
13.9
12.0
3.3
5.1
12.9
9.0
10.3
13.5
16.8
10.9
11.7
12.9
16.1
8.0
13.7
13.7
11.3
12.6
13.1
8.6
10.6
11.6
12.7
13.4
10.7
11.6
15.4
9.7
19.9
14.3
16.9
8.5
16.5
15.0
8.6
21.6
16.2
18.2
10.3
16.5
18.0
18.1
18.6
23.5
19.2
20.3
17.9
20.3
19.0
12.1
22.2
12.1
23.4
17.6
26.7
20.4
25.1
22.0
19.5
26.2
17.2
18.8
28.4
21.5
25.5
13.7
25.8
14.4
20.1
16.7
17.9
24.2
22.1
22.1
21.8
22.7
19.2
25.3
25.6
28.3
21.4
31.1
17.4
23.7
24.5
25.7
16.6
22.3
25.4
22.2
27.8
23.5
20.1
22.4
18.4
21.3
27.9
25.5
23.0
23.5
19.7
24.7
20.2
27.3
15.8
28.8
27.2
24.7
25.6
30.7
23.5
22.5
26.2
25.2
26.1
23.0
31.3
30.0
24.9
28.9
23.1
35.6
30.4
23.7
27.3
18.0
29.1
21.4
24.1
24.4
20.6
28.0
25.3
29.3
23.3
21.0
22.7
22.1
25.2
18.0
28.4
25.7
22.4
17.3
27.2
29.3
20.6
30.4
33.6
19.3
23.6
21.9
22.3
31.2
28.7
23.3
30.3
22.6
17.5
28.6
20.3
21.8
20.8
23.0
16.7
22.7
19.6
22.4
16.6
15.7
25.9
23.9
18.3
19.2
20.5
18.1
15.5
19.1
22.5
22.9
29.6
13.8
25.1
18.9
26.1
24.3
26.5
21.4
19.9
20.7
23.2
20.7
17.8
22.0
11.7
27.3
17.2
17.2
15.2
13.2
27.7
20.9
22.3
22.8
20.1
16.5
23.2
11.4
23.8
25.4
14.2
24.5
10.0
11.9
14.7
18.3
18.6
11.5
14.6
14.9
21.0
15.5
20.3
17.1
6.1
4.9
12.1
9.8
15.4
14.3
17.7
17.0
16.3
14.2
13.1
11.5
9.6
12.8
4.1
13.3
9.9
13.4
14.8
8.1
18.1
7.5
7.9
9.8
6.5
14.1
14.1
10.9
9.2
4.2
17.5
6.9
2.5
10.8
9.2
7.9
6.2
12.2
6.4
6.9
7.4
7.1
10.1
8.9
5.6
6.6
5.9
6.5
9.2
4.7
10.7
12.3
11.4
10.9
4.1
3.3
3.7
4.8
13.8
2.2
5.2
2.0
-2.5
5.2
9.7
9.0
1.9
2.3
-2.0
10.8
7.8
8.2
14.1
5.9
1.4
11.2
6.1
5.2
6.5
11.1
2.3
5.4
0.1
12.1
13.2
8.0
3.1
14.7
8.8
2.6
11.3
5.4
8.2
1.8
2.9
8.0
6.3
3.7
6.7
-0.7
5.0
2.9
4.2
3.6
10.4
7.6
8.9
3.2
6.1
7.3
11.9
5.5
2.4
5.9
13.6
7.4
3.9
7.1
13.8
10.9
8.8
6.1
6.8
12.3
9.2
5.5
11.7
10.4
12.6
5.9
8.6
10.4
12.2
2.0
8.3
17.4
4.9
9.4
9.7
13.7
2.7
10.5
12.2
5.6
4.0
10.2
10.2
8.6
10.0
13.0
4.5
12.9
13.4
20.4
10.5
11.7
11.7
20.6
15.7
15.4
12.6
9.0
15.2
12.7
5.7
11.0
11.6
10.0
11.0
22.1
15.5
10.2
17.4
16.5
22.0
17.1
18.7
14.4
18.6
18.3
29.9
12.5
18.5
19.7
13.3
16.0
20.8
16.0
19.1
18.2
13.3
12.6
16.5
22.8
15.5
28.6
10.8
20.8
12.2
18.9
16.8
19.9
20.0
17.6
12.4
22.6
30.2
16.0
18.8
20.9
22.9
21.8
11.1
21.4
20.8
18.9
23.1
26.6
32.1
26.7
22.4
22.3
30.0
25.0
26.9
24.4
24.6
30.2
20.5
29.9
25.0
23.7
23.5
23.6
24.6
25.8
25.1
25.5
29.7
22.1
22.8
25.7
23.4
23.1
27.3
22.2
24.3
25.3
20.3
20.1
23.4
31.9
20.5
26.6
22.9
30.4
29.4
32.0
26.5
27.3
23.5
17.1
31.4
32.9
28.4
27.7
19.3
24.2
27.8
32.3
24.5
31.6
14.1
16.9
30.1
19.1
19.4
23.5
23.6
23.1
25.9
25.3
26.1
26.3
30.5
21.4
29.8
27.7
22.4
24.9
24.7
28.4
21.6
17.2
24.6
22.4
15.1
18.0
19.4
20.6
25.4
18.9
26.6
25.4
20.1
22.7
21.0
25.9
24.5
24.6
20.8
36.1
26.2
25.9
10.6
24.2
24.9
28.2
16.6
28.0
21.1
16.2
21.2
28.0
24.1
24.8
27.5
19.2
24.0
19.1
22.6
21.5
23.4
20.5
25.4
15.6
27.4
20.6
20.4
16.2
22.9
21.9
21.6
22.6
17.8
29.2
23.3
13.4
12.2
16.4
12.8
10.5
14.7
12.8
23.4
15.1
5.5
9.3
13.6
16.9
14.7
16.5
16.2
14.2
24.8
18.3
12.6
17.9
12.1
15.7
17.0
14.3
13.2
17.7
19.0
10.5
11.0
8.0
11.0
15.4
8.7
12.9
19.5
16.8
17.1
11.5
14.3
12.5
12.2
14.2
11.0
15.5
13.5
11.4
8.5
16.1
7.1
14.1
11.3
12.1
12.1
13.9
8.9
5.9
0.2
5.1
3.6
9.0
6.4
7.7
14.4
14.1
8.5
12.4
10.6
7.5
8.0
11.4
1.3
6.2
-5.2
9.9
8.4
8.2
2.4
16.0
2.7
6.5
13.6
1.1
9.1
6.5
10.4
6.8
7.9
9.3
9.6
6.0
4.8
2.1
-0.7
5.0
3.7
-0.3
-0.4
7.5
-8.9
2.0
14.0
5.9
9.9
1.2
7.7
5.0
7.7
11.4
2.5
1.0
7.9
9.4
4.1
-0.0
6.0
4.0
2.7
4.7
7.3
9.4
14.1
17.5
13.0
4.5
4.8
7.3
2.1
7.8
9.9
7.7
9.1
14.1
9.1
1.8
6.0
11.0
6.1
6.0
5.9
3.0
10.6
14.4
6.2
5.5
12.0
6.1
3.5
7.7
10.3
9.1
2.6
8.1
9.5
14.5
7.1
9.9
14.3
16.7
11.1
13.0
11.0
7.4
8.1
21.0
8.2
12.0
11.8
11.0
9.5
16.9
10.7
12.3
16.2
10.1
17.9
6.5
15.6
18.8
10.9
12.4
14.1
16.1
14.8
15.8
12.0
14.2
14.6
20.7
10.3
21.0
