17.7
18.7
16.2
9.3
15.2
11.6
17.6
11.5
20.2
18.7
25.6
19.6
20.5
16.0
14.9
23.9
18.4
20.3
19.4
21.6
11.2
11.2
21.1
28.6
10.9
16.2
20.3
17.3
18.4
18.1
24.0
20.2
21.0
15.3
23.2
27.9
23.3
19.4
15.7
23.1
23.1
20.3
11.7
18.3
17.0
18.0
22.9
17.6
21.1
27.7
19.0
22.1
25.1
19.9
16.3
23.8
26.5
15.6
21.7
21.0
28.7
16.5
22.3
17.2
19.3
23.6
22.1
23.1
20.7
17.2
27.8
30.2
23.9
22.6
29.7
26.3
25.4
28.1
20.6
20.8
24.8
19.7
24.6
25.5
26.9
26.7
18.7
24.0
26.0
28.9
28.8
23.5
23.8
19.6
22.6
21.2
19.0
23.3
28.8
31.0
25.8
24.0
25.8
27.7
26.6
26.0
23.4
23.1
33.5
28.5
20.5
27.4
20.8
25.0
21.8
25.0
21.5
22.6
25.7
26.1
16.0
28.6
14.5
17.1
21.0
25.2
22.7
20.7
27.1
23.0
22.5
26.0
19.6
31.4
27.6
22.1
22.3
22.7
25.0
23.5
18.2
17.2
26.0
15.4
17.6
25.9
14.9
23.0
25.1
30.6
25.9
21.0
15.8
25.7
25.0
26.2
26.0
19.5
17.8
14.5
20.7
22.2
15.9
19.3
22.3
24.6
14.9
16.7
13.6
13.4
20.7
21.1
15.2
15.7
14.0
24.0
13.7
14.7
12.4
18.4
13.5
7.7
16.2
15.7
14.1
15.0
15.6
15.9
18.9
16.9
18.1
16.6
15.6
12.8
13.4
7.7
17.5
21.2
12.1
8.4
13.6
10.8
15.7
5.0
18.1
17.2
13.0
2.3
9.6
17.1
11.2
6.8
10.9
10.2
4.9
9.6
13.6
13.5
13.7
10.7
6.4
8.8
17.1
11.2
11.8
4.2
13.1
9.1
14.7
6.4
7.4
6.7
5.0
6.1
8.0
7.2
8.6
15.2
9.4
9.2
3.9
14.4
3.5
-2.3
7.0
7.9
2.5
11.8
-0.8
-0.3
5.6
4.3
4.7
8.2
5.0
11.5
-0.7
7.9
14.2
6.3
8.9
11.0
6.0
4.3
-5.2
2.4
9.9
5.4
1.7
6.9
6.0
7.5
4.9
7.9
2.8
13.4
8.1
4.2
8.3
5.7
6.7
3.3
4.3
3.8
3.8
7.3
2.5
2.8
6.2
0.7
4.8
6.1
6.2
4.7
-6.1
5.9
6.8
2.3
8.8
4.8
1.6
3.7
5.7
3.1
3.6
8.7
12.4
3.5
3.2
12.8
4.8
5.1
5.4
7.4
7.8
9.1
12.5
10.5
11.6
1.4
10.0
17.8
5.3
13.8
4.9
6.2
5.8
1.3
7.6
4.9
13.8
4.6
2.0
17.8
9.1
10.9
19.7
8.4
4.2
9.4
10.4
9.4
12.9
6.1
16.1
10.8
10.8
18.9
4.6
9.8
18.5
14.4
15.1
11.8
17.2
16.0
10.4
9.2
10.4
13.5
11.4
2.9
10.7
14.7
17.5
