17.6
15.9
14.8
13.4
17.7
13.4
20.3
16.5
16.7
17.2
15.9
21.3
19.8
24.6
15.5
23.5
16.6
19.4
12.5
20.7
12.7
19.0
20.3
20.4
22.2
22.6
21.9
16.5
20.5
18.0
20.9
26.0
21.8
13.5
23.6
24.6
21.3
27.6
15.8
18.3
23.8
10.1
9.0
24.5
19.8
30.0
27.1
26.2
26.4
19.4
17.8
28.4
25.3
17.1
20.3
27.1
28.2
23.4
21.3
29.1
27.9
24.2
26.5
26.4
30.6
23.1
21.8
21.2
25.1
24.9
13.3
21.2
24.2
21.8
27.4
24.1
29.3
26.1
23.3
25.3
27.8
23.3
24.0
25.7
34.7
25.8
30.5
23.8
27.1
25.7
25.4
25.5
26.3
20.8
28.1
25.6
20.3
26.2
22.9
24.7
25.5
23.2
18.8
27.1
25.5
25.3
30.9
24.2
26.7
30.1
30.6
28.9
26.3
24.8
25.3
29.8
26.2
21.9
24.6
19.9
18.1
25.3
24.1
29.9
22.2
25.4
20.3
19.5
32.4
25.4
23.4
18.5
24.6
16.0
23.8
22.6
18.1
22.4
20.9
19.7
24.3
24.6
22.3
21.3
26.4
19.6
19.8
22.2
16.7
22.1
24.2
21.6
29.0
15.4
18.7
15.8
20.2
18.5
17.9
12.9
21.1
21.8
12.4
22.0
15.7
16.4
19.8
13.5
18.3
13.7
15.3
20.1
20.4
22.5
14.3
13.1
11.3
12.3
18.0
15.2
22.4
20.1
21.2
12.8
5.1
12.2
15.8
13.2
11.6
7.2
12.7
20.8
17.4
10.8
8.5
15.5
14.9
7.2
17.1
12.0
11.1
14.0
10.8
6.7
1.3
3.3
15.3
5.8
8.6
8.5
7.0
10.2
-1.5
11.7
3.3
6.9
6.3
6.9
13.4
5.1
6.5
12.3
4.9
1.4
10.1
9.1
6.2
5.7
12.9
14.8
5.9
6.3
11.4
5.6
8.4
7.4
11.4
14.0
3.3
1.2
3.3
1.2
4.7
10.1
0.3
8.5
1.9
11.2
6.8
10.4
4.3
5.5
10.6
8.9
7.9
9.5
10.2
2.4
2.4
0.9
5.2
7.8
5.2
7.8
6.9
9.7
-0.8
2.8
3.3
4.6
2.1
7.4
11.3
13.3
6.7
11.3
7.0
9.4
7.2
14.0
2.9
-1.9
8.7
5.2
0.8
7.3
3.5
-2.4
1.5
4.7
7.4
3.5
3.4
5.4
2.3
3.3
12.7
7.0
10.3
4.7
15.8
8.1
3.5
11.3
11.7
7.9
7.7
3.6
-0.4
13.9
11.2
9.4
11.1
7.8
8.0
5.9
3.1
4.8
11.3
1.7
7.1
2.4
13.8
4.9
8.6
9.8
6.9
4.8
11.3
8.5
7.5
15.3
6.9
12.6
6.5
11.4
17.2
2.6
10.0
14.0
15.2
12.6
15.4
11.4
12.5
14.0
7.5
18.5
10.0
5.4
14.8
10.4
10.2
4.0
16.5
7.3
14.6
17.1
11.6
14.0
12.0
7.5
13.7
15.0
6.8
