12.0
13.1
19.0
15.6
17.6
12.1
14.0
15.1
12.9
18.2
18.7
19.2
23.7
21.7
12.6
17.5
18.6
11.8
15.6
26.2
9.0
15.0
18.1
22.5
25.6
22.1
14.2
14.4
13.3
26.1
20.0
12.8
27.5
22.0
26.8
18.8
15.6
22.9
20.8
23.9
25.8
17.9
23.7
19.7
15.7
26.0
25.2
26.0
19.5
23.3
22.7
16.9
17.3
26.9
24.8
22.9
26.4
23.3
20.9
24.7
28.5
25.4
27.8
27.5
30.7
21.1
25.3
26.5
27.3
20.6
28.2
24.3
20.9
22.7
28.6
27.1
20.8
24.4
31.0
24.5
25.0
25.3
26.8
26.2
26.0
26.0
25.6
21.6
22.5
28.1
21.6
26.2
19.9
24.4
23.8
29.6
26.5
27.2
23.2
28.2
23.2
29.4
23.0
19.9
25.2
25.1
25.7
27.0
26.8
17.4
27.3
31.2
28.3
20.1
21.0
22.8
21.8
22.0
20.5
28.8
23.9
32.8
22.9
25.3
21.0
21.4
18.9
25.7
24.0
25.5
18.8
14.9
24.3
23.6
23.8
23.7
27.6
23.9
18.8
21.7
18.9
24.7
18.1
27.1
24.2
23.4
19.0
21.3
18.2
21.6
19.8
18.5
20.7
22.0
24.5
22.1
21.2
26.7
18.5
19.0
13.5
28.1
20.7
9.7
19.4
19.7
22.1
22.2
18.8
16.2
21.3
19.5
16.1
20.6
7.5
21.3
16.5
22.6
17.5
20.5
14.4
15.5
20.8
13.0
6.1
10.2
13.3
13.1
12.7
16.4
22.8
13.0
12.0
5.9
11.6
13.0
19.9
11.8
18.3
9.0
7.8
15.2
19.4
17.8
13.1
8.9
8.8
9.3
6.2
14.0
9.1
14.6
17.9
6.7
11.5
2.0
9.0
14.8
1.9
3.1
15.5
10.6
5.9
4.7
3.3
9.3
9.4
4.0
6.7
4.6
12.5
4.8
10.1
4.9
10.8
4.3
14.2
5.3
10.3
9.9
4.3
8.4
6.2
7.8
8.7
6.1
11.1
1.9
5.2
9.3
8.1
2.4
8.5
9.2
5.6
5.6
3.9
3.8
-1.3
3.5
6.3
2.4
6.8
1.4
1.2
8.2
2.1
8.7
11.8
2.6
4.5
6.5
5.2
4.2
0.0
3.3
11.0
2.9
6.3
0.3
1.0
6.5
6.0
5.1
4.4
2.8
1.1
7.2
6.9
6.9
-1.0
-2.8
7.9
7.8
1.8
4.4
8.4
11.5
3.2
3.5
2.4
5.2
4.4
9.3
11.9
11.7
11.5
7.7
5.9
1.8
9.3
11.7
7.5
2.8
5.3
5.3
4.5
17.3
2.6
11.6
8.3
7.7
14.0
7.8
10.5
13.5
9.1
6.5
11.3
9.8
14.6
10.1
11.9
9.9
12.2
3.9
20.1
11.3
8.3
9.0
18.4
10.3
5.6
15.6
8.8
8.8
10.6
15.8
19.1
7.3
13.1
9.1
11.2
14.6
5.1
5.5
10.0
9.1
13.5
18.1
13.3
13.6
16.3
10.5
11.1
